 17241 29719 63266 26228   206 42881 51023 10044
 11303  4564 36504 39656 56963 32703 26475 16535
 40913 11129 27703 34809 64421 58556 22786 36898
  9380 17800 44247 40297 13341 17192 23404 41518
 60816 26281 47703  2247  7478  9210 44904 38808
 37288 39557  3351 43228  3296 10611 65381   698
 38024 14877 22596 13217 25510 43012  2266 46074
 17703  2495 39773 57143 35001 60420 52487 58240
   431 21480 44730 64970 20889 38419 13023  7273
 37664 40026  3590 21127 22847 60175 41068 26350
  4486 61632 40983 34106 18157 37026  1067  3765
 56048 61959 26775 31650 46867  3661 10190   489
 45982 14345 11352 63859 48507 29321 11753  4380
 27872 34005 27678 38760 28306 62138 18474 39644
 39123  6359 30985  9910 61623 59548 51984 56050
 53189 56633 18268 41859 22144 22340 11003 54979
 28593 38367 36949 36799  5049 16625 24809 14085
 18494  9419 37930 56246 48607 61669 13678  8380
 50253 38425  7497  5890 44788 17628
